90.54
95.76
92.14
90.53
91.13
88.76
88.55
89.29
86.38
82.72
81.04
83.80
81.66
83.76
84.39
82.28
90.84
89.36
88.25
86.33
92.07
83.74
86.06
89.08
84.78
98.70
92.23
93.56
83.21
83.22
83.79
84.10
84.90
85.85
84.13
84.44
83.42
85.74
85.04
97.01
86.90
87.01
92.31
88.13
83.71
87.29
87.51
88.75
91.59
86.51
88.32
89.68
91.88
92.71
89.44
91.17
90.76
87.78
94.44
95.73
84.01
85.88
84.82
84.85
84.91
85.69
83.67
89.39
85.09
84.19
87.69
84.86
87.65
88.73
87.75
89.51
85.62
82.39
81.32
90.07
86.59
84.97
86.91
84.65
84.89
86.03
91.60
82.43
91.43
86.07
89.06
89.56
90.23
85.00
87.06
84.49
83.72
84.31
83.28
84.81
88.34
86.41
86.73
88.31
81.64
80.09
85.32
83.11
81.91
86.49
84.91
86.91
85.21
80.06
96.20
84.57
84.39
83.07
83.94
84.78
83.59
81.88
82.70
81.21
80.39
92.12
86.67
88.13
89.30
84.81
84.90
83.84
84.45
89.87
89.90
89.68
92.18
85.86
86.62
83.68
93.19
83.77
85.18
85.51
89.77
88.90
86.51
86.11
96.86
93.94
92.32
88.90
82.54
87.04
93.54
86.50
87.89
89.60
84.93
82.66
86.48
84.22
93.21
90.16
89.82
89.49
92.26
93.70
88.36
85.80
84.14
84.26
86.26
86.09
83.74
83.63
88.91
85.28
89.30
83.79
89.41
90.43
87.93
89.31
88.69
89.94
89.08
87.38
87.62
84.25
86.92
94.18
87.00
88.32
85.96
85.98
85.26
91.36
83.56
86.37
89.50
89.20
88.20
92.15
86.73
84.45
87.74
85.17
86.42
86.22
85.24
84.80
86.61
88.45
91.40
89.99
85.47
82.76
89.31
86.73
87.22
90.40
89.56
89.34
88.49
88.86
90.29
89.64
86.96
93.31
90.42
85.45
86.82
86.04
90.63
90.34
83.34
82.02
83.71
85.30
86.97
90.01
85.12
86.05
89.00
87.85
84.31
88.49
90.75
88.62
84.64
89.98
90.93
87.33
86.47
86.16
85.48
85.90
87.80
89.29
85.93
85.52
89.18
87.00
85.96
83.79
85.62
84.80
84.82
83.15
93.54
90.67
85.30
88.11
87.63
86.73
86.48
86.41
89.22
90.97
85.92
84.99
84.55
87.28
85.30
86.54
85.42
83.61
86.48
87.84
87.88
87.60
88.03
88.11
91.65
87.93
89.14
90.61
88.82
85.22
91.56
88.63
89.93
95.92
88.56
87.64
91.55
84.55
83.62
86.91
87.52
82.86
89.58
87.42
84.27
87.80
84.96
82.60
86.31
82.45
84.48
84.91
84.54
86.20
83.00
93.98
85.21
87.18
90.52
85.96
85.30
85.75
85.64
85.75
84.10
86.88
83.03
83.54
87.24
88.79
85.14
84.22
84.58
84.12
89.52
87.43
87.40
84.90
87.26
88.13
88.24
84.73
88.49
89.00
81.49
89.43
81.74
90.53
86.88
86.19
84.17
81.28
83.27
85.41
89.07
94.60
93.16
92.70
84.91
82.64
81.86
84.18
84.03
82.96
85.12
86.06
84.99
85.59
85.53
88.14
85.66
82.75
86.81
84.43
85.13
85.60
84.94
86.49
84.74
83.63
80.94
81.89
81.39
87.44
88.53
85.58
85.38
87.77
90.41
89.61
91.98
89.40
89.09
82.70
84.26
85.41
82.26
84.73
83.64
86.80
92.16
84.96
88.94
87.34
84.57
86.23
88.99
89.27
91.67
93.71
89.31
89.30
90.27
91.74
88.33
88.68
86.70
88.90
85.90
88.03
89.42
90.01
91.57
87.73
86.73
89.30
90.37
84.95
87.06
87.08
91.02
88.36
85.59
90.31
85.94
94.52
89.72
83.86
83.18
87.44
86.28
92.07
81.96
82.49
85.36
86.29
83.52
85.09
87.15
86.29
92.57
92.49
89.47
87.88
87.53
86.59
87.50
87.06
89.32
91.16
84.17
83.85
85.55
87.16
82.65
86.92
83.20
83.49
82.84
80.83
82.04
82.04
84.43
85.39
86.86
84.47
83.08
85.19
86.38
88.37
90.79
91.14
92.95
85.22
81.80
82.24
88.40
86.10
81.99
78.40
86.38
89.05
89.74
89.87
86.90
84.23
91.56
88.11
86.45
84.04
89.09
87.47
84.40
85.74
82.83
92.61
93.91
86.97
87.00
86.07
83.04
83.20
82.14
81.47
84.20
82.08
88.45
83.29
86.72
84.29
85.35
87.15
86.62
84.10
83.77
85.50
88.46
83.10
86.01
93.94
90.56
92.67
100.25
82.22
83.18
83.85
83.76
83.54
80.24
88.08
83.53
84.87
85.04
88.09
84.52
86.18
81.57
87.58
89.83
85.22
83.87
82.45
80.79
83.20
85.51
83.22
85.91
82.71
83.99
87.90
87.61
91.49
86.85
87.72
92.71
86.11
86.34
90.37
86.44
85.76
81.76
83.02
83.79
84.70
86.59
86.84
84.87
88.16
86.21
85.35
84.89
90.21
94.26
86.65
85.99
90.69
94.57
89.48
88.15
94.54
89.70
87.78
90.05
92.67
92.99
88.43
83.91
85.21
88.81
89.36
90.47
92.00
88.43
87.11
86.11
88.05
94.14
87.56
88.54
89.09
84.49
85.14
90.66
89.11
93.30
86.43
91.53
87.43
89.41
87.92
92.67
87.11
96.26
86.31
83.30
84.49
90.64
92.63
87.03
89.53
91.12
92.13
90.50
87.46
92.37
90.44
86.47
82.12
86.05
86.19
79.46
82.53
84.31
86.82
87.97
87.34
93.21
86.98
86.61
86.06
93.87
91.45
88.31
88.50
92.71
87.71
91.49
84.62
82.32
83.42
82.47
82.35
80.37
86.55
83.02
83.04
90.52
88.93
84.14
88.62
84.42
82.24
83.36
79.39
87.18
90.50
93.18
88.29
85.73
83.23
90.09
85.99
84.90
87.27
88.82
96.21
85.41
90.31
96.24
84.56
84.35
83.72
85.24
86.50
91.38
86.52
88.75
92.73
91.10
85.89
92.08
83.82
83.10
84.78
85.75
88.36
83.61
96.96
90.69
89.07
86.94
91.81
