93.61
94.92
89.01
87.62
91.71
92.32
89.54
91.62
92.09
89.93
86.88
90.25
89.65
89.96
94.02
88.99
94.33
91.11
88.58
90.34
88.79
90.92
92.42
91.60
89.76
95.08
88.01
90.34
87.99
92.08
89.71
95.26
92.45
91.09
95.53
89.62
92.16
86.66
90.58
87.70
87.60
89.83
89.06
92.58
90.72
89.05
86.81
89.86
92.47
93.15
88.92
88.60
90.30
91.58
91.88
95.09
98.10
97.70
97.47
91.86
90.67
90.27
89.49
94.01
92.72
92.13
91.06
87.99
90.31
87.88
87.25
94.58
93.46
93.89
88.96
92.96
94.16
94.41
90.63
93.41
92.86
93.87
98.97
90.23
92.35
92.51
92.43
91.27
88.01
88.46
90.62
90.06
91.02
85.98
87.53
89.54
90.40
90.68
92.29
90.22
94.01
89.73
91.08
89.49
89.62
92.46
95.03
93.05
89.78
94.21
95.43
88.24
91.18
91.00
99.03
89.24
91.89
92.52
89.58
88.20
91.51
90.10
92.55
92.73
93.04
97.09
92.92
96.64
93.36
93.99
92.79
94.33
96.54
95.33
100.44
94.05
92.92
91.94
97.02
98.71
95.08
94.64
93.45
92.19
89.59
91.84
91.61
90.71
102.22
94.85
95.89
92.61
89.01
90.45
91.92
93.60
102.75
98.16
97.36
91.75
90.88
90.02
92.97
89.93
95.49
92.13
90.30
89.21
89.98
87.91
89.15
90.13
91.39
90.87
88.77
100.46
97.23
89.94
90.23
94.59
96.61
92.99
98.05
91.26
91.44
91.87
89.72
88.74
89.55
88.59
87.98
90.00
95.57
93.33
90.53
87.99
89.62
92.40
92.83
92.92
93.54
90.29
90.00
89.09
90.49
92.03
89.66
88.91
92.57
88.14
91.09
92.21
91.82
94.57
94.00
94.96
89.78
89.66
88.94
91.58
90.76
92.79
91.11
90.00
93.54
90.92
90.27
91.23
92.91
89.42
90.97
90.07
91.51
94.86
95.29
93.91
88.63
89.87
92.71
95.83
92.17
93.28
97.08
94.80
95.36
92.03
96.11
91.23
93.44
90.85
86.93
87.31
89.78
87.77
93.12
95.43
93.19
90.09
90.55
97.43
91.19
91.80
92.62
91.40
90.06
95.30
93.14
91.38
92.50
88.10
94.33
92.28
88.33
88.50
94.07
92.22
94.41
97.30
91.65
89.83
91.90
88.12
87.88
85.10
86.45
86.89
86.66
88.12
89.17
87.05
90.65
86.40
92.88
91.17
88.33
91.03
92.93
88.14
86.41
91.13
86.89
87.08
86.40
86.82
90.95
88.30
91.12
99.92
96.92
87.87
88.51
92.96
87.75
87.23
90.22
86.67
87.25
88.66
88.48
86.90
90.15
94.26
93.90
94.88
88.00
88.28
92.13
92.00
89.59
93.65
89.15
88.09
87.74
90.60
92.47
96.26
88.15
92.19
93.09
90.43
91.92
89.36
88.57
87.94
91.20
94.60
89.40
97.76
91.63
91.23
91.52
90.43
90.05
93.05
89.81
91.25
94.20
93.29
92.11
92.12
92.58
91.13
89.80
93.05
86.58
90.43
88.04
88.24
89.78
90.60
91.99
92.22
89.32
92.29
91.96
97.67
89.03
88.00
95.30
93.85
87.99
86.85
91.80
88.72
88.32
88.23
86.68
87.24
86.62
89.34
87.88
90.25
93.47
89.45
90.86
92.64
91.02
89.99
92.18
94.53
88.13
89.49
91.41
97.10
93.61
97.38
90.80
99.18
89.46
89.71
89.32
90.63
86.46
88.44
93.36
93.19
93.27
89.19
90.95
89.37
91.24
90.32
89.27
87.55
88.81
91.02
87.98
87.59
97.79
96.45
92.39
99.40
94.65
97.00
89.53
90.42
94.69
92.39
92.27
95.77
92.21
91.25
90.28
88.14
93.08
89.99
89.19
91.53
86.79
91.29
91.28
87.58
92.63
90.74
86.52
86.93
88.53
88.32
88.15
86.71
92.60
91.36
89.25
88.08
88.44
90.12
88.96
92.14
93.62
91.98
96.86
93.72
99.97
92.28
97.33
88.65
89.57
88.91
90.81
91.20
92.51
92.90
94.55
95.75
91.20
89.68
91.90
90.89
88.48
89.49
91.54
89.50
90.56
87.44
89.88
90.36
92.54
88.34
90.32
97.30
96.91
90.22
89.73
88.53
92.52
90.94
88.74
92.19
91.59
93.56
92.43
92.36
88.86
95.77
91.97
97.30
92.37
98.49
99.16
90.94
90.31
95.39
97.79
93.40
94.42
90.06
94.49
93.53
92.03
94.14
89.19
88.91
90.48
89.29
94.38
91.15
90.82
90.07
93.71
90.91
95.39
97.59
95.82
90.65
88.85
86.47
87.37
86.62
90.91
89.75
93.83
88.98
89.13
89.47
88.79
87.63
87.57
92.66
89.00
86.66
91.60
89.25
91.27
88.55
90.58
87.55
88.52
89.53
88.48
87.91
89.71
88.80
91.24
94.42
88.11
87.54
89.52
92.01
93.40
91.94
93.67
96.59
94.29
90.70
91.31
92.73
89.53
89.62
91.40
92.51
93.94
89.17
90.35
91.09
92.56
89.83
93.67
90.96
94.25
89.75
89.57
91.99
91.91
95.36
94.43
92.75
91.59
95.18
91.38
88.33
92.86
92.63
91.03
91.46
91.78
89.82
91.06
92.32
92.31
87.87
92.61
93.51
99.71
98.23
91.69
89.98
90.53
95.37
93.67
95.20
96.00
91.22
95.01
90.31
89.75
89.36
92.46
90.42
91.10
91.16
92.71
89.90
90.91
91.17
91.79
92.92
93.27
94.90
91.57
95.45
90.54
95.92
91.50
91.11
90.33
90.89
89.28
93.46
89.60
91.06
91.21
90.97
91.45
91.23
90.51
92.56
95.46
97.44
93.36
93.91
89.29
92.79
90.89
88.88
88.44
89.88
86.99
91.23
92.05
89.50
91.05
87.58
91.60
92.38
98.11
93.95
92.18
95.22
93.81
93.74
94.91
94.62
92.34
87.97
90.84
95.29
91.66
93.24
95.70
94.93
97.62
93.00
94.93
93.44
98.92
94.20
95.94
97.03
90.09
95.24
93.11
92.31
90.37
87.52
93.34
90.18
89.87
90.00
88.14
95.01
89.64
91.92
91.79
91.06
89.44
89.87
94.19
94.36
90.42
90.63
91.01
93.79
93.91
97.03
92.69
89.14
88.84
93.57
90.74
97.81
93.36
96.59
90.88
93.91
93.35
96.33
94.31
90.93
90.50
91.51
87.22
91.81
94.36
92.08
94.57
90.13
94.21
95.90
90.27
91.82
93.61
94.37
96.66
87.11
98.26
90.14
93.34
91.97
87.86
92.19
91.53
88.91
88.18
92.54
95.82
88.20
96.37
93.59
90.79
101.28
95.32
94.42
90.77
96.81
94.79
88.49
90.00
87.40
87.27
86.25
89.67
92.87
92.58
91.55
88.81
89.27
93.44
88.22
91.59
90.72
98.12
90.79
92.46
91.20
92.32
93.96
91.00
88.71
90.98
94.34
92.63
88.89
88.39
90.35
91.24
89.78
90.09
90.46
88.09
87.80
93.03
89.01
97.78
90.64
91.28
89.44
87.70
90.72
87.83
87.59
93.54
89.75
86.93
88.30
93.04
92.49
97.55
93.62
93.07
94.70
90.93
93.13
91.90
87.63
90.09
92.89
89.74
95.19
89.26
89.64
89.41
87.92
89.57
90.98
89.57
88.10
87.82
87.22
90.08
93.68
89.57
91.79
91.68
87.94
95.57
94.05
95.07
94.87
88.08
91.62
99.72
92.13
92.88
96.37
93.63
91.92
91.62
91.83
89.09
91.54
90.75
89.84
89.20
95.53
96.91
92.27
88.88
89.81
91.35
96.55
100.58
93.91
92.35
92.70
97.55
96.36
92.47
92.51
92.75
90.38
94.07
89.25
90.27
88.36
90.32
93.70
89.07
88.63
87.49
91.46
88.83
89.69
89.42
86.16
88.47
86.82
91.11
91.86
94.96
90.39
92.40
94.57
92.51
90.48
89.93
92.10
93.60
94.32
88.09
90.58
88.98
90.56
91.76
88.88
87.92
89.13
89.83
90.54
96.31
94.79
97.77
92.71
87.91
89.24
91.66
91.70
96.75
97.89
94.90
97.98
95.31
98.03
92.55
96.76
97.96
98.27
90.82
89.05
92.60
94.40
98.19
92.00
93.99
88.18
88.96
91.25
95.37
90.12
97.88
92.68
97.44
92.28
93.09
98.28
93.17
94.40
92.53
91.20
90.06
91.17
91.82
91.34
92.30
91.37
96.38
92.31
94.27
88.99
93.83
96.34
91.40
96.47
93.63
92.56
90.99
93.59
93.81
95.67
92.20
93.95
89.28
92.47
90.92
97.10
90.52
89.49
91.38
90.15
92.17
93.93
89.79
90.43
88.82
88.98
91.94
94.29
89.49
90.06
92.19
98.35
94.87
92.19
97.72
92.83
94.12
90.85
93.83
94.87
95.59
95.19
93.26
91.60
89.79
92.93
91.26
92.60
90.94
89.17
97.17
92.69
85.92
87.34
89.50
95.11
88.59
89.31
86.55
90.09
93.25
95.31
95.63
91.75
95.37
92.47
96.61
95.58
96.39
91.66
90.64
92.05
90.90
89.59
94.27
91.36
92.28
90.95
90.92
89.38
100.78
95.68
98.64
99.43
96.97
93.12
90.74
92.44
96.67
94.59
89.62
94.38
93.65
100.34
89.53
92.71
88.46
92.88
91.37
95.02
90.24
91.07
92.92
94.74
91.48
90.89
97.03
96.29
93.38
93.26
90.02
91.62
91.21
93.12
91.69
89.76
98.71
93.52
87.25
90.56
91.74
91.02
93.17
92.84
87.30
89.41
87.67
91.81
89.61
94.94
98.91
93.76
90.95
91.80
96.20
92.55
88.21
97.19
89.18
90.16
92.98
95.42
92.73
94.41
88.87
89.37
94.63
89.98
90.67
93.77
94.58
103.14
92.74
92.56
91.86
94.67
95.78
91.35
88.14
90.03
92.84
95.17
89.16
93.06
93.91
91.03
95.88
93.67
91.72
90.69
95.19
94.17
91.98
91.57
89.71
89.08
89.15
88.80
90.13
91.55
90.49
95.32
95.85
93.71
91.10
93.79
89.71
90.42
92.48
92.96
90.06
92.72
93.34
91.72
92.10
89.40
89.11
90.40
87.78
89.34
91.75
94.30
94.69
91.89
96.85
98.50
93.77
90.63
89.99
96.29
97.10
95.80
97.77
92.41
89.86
92.92
90.67
87.83
89.34
88.66
94.16
97.12
98.85
94.03
90.87
90.18
89.90
91.07
87.55
95.29
88.12
86.79
88.18
87.24
89.07
86.94
87.81
87.16
86.72
87.00
92.10
90.52
91.36
89.69
89.12
89.93
89.30
89.46
87.97
89.76
90.69
85.29
87.82
90.52
91.58
91.57
88.72
93.32
93.95
93.76
91.86
87.76
94.94
93.25
92.22
92.46
88.36
90.56
87.25
97.59
92.38
90.18
92.38
92.68
93.94
92.08
92.68
94.10
99.59
89.22
99.80
92.32
94.89
95.36
99.00
94.66
89.46
88.25
89.05
89.64
95.91
94.33
96.48
92.80
94.85
95.74
91.46
92.86
92.89
92.85
89.19
91.28
92.59
92.19
92.88
93.71
95.61
91.21
92.51
92.79
88.43
91.77
91.60
88.51
93.08
89.47
86.93
88.27
90.33
96.68
90.38
89.86
90.92
94.40
97.14
91.29
93.48
90.38
90.31
93.59
91.00
88.99
91.14
92.65
92.46
93.66
94.90
93.18
93.35
94.85
91.88
92.47
90.97
93.52
89.56
87.82
91.76
95.24
95.01
94.68
90.92
94.19
92.43
94.33
97.03
92.91
93.90
93.89
91.15
93.29
98.46
100.27
91.83
94.70
89.23
95.28
90.18
91.79
90.35
88.04
89.08
95.66
88.94
92.64
92.18
96.19
98.57
93.64
89.66
88.77
95.59
90.27
95.09
92.86
91.97
89.41
89.59
93.06
90.84
92.23
92.04
92.83
93.32
91.96
97.64
92.92
92.87
96.22
88.49
94.69
90.77
92.59
91.29
94.11
93.23
90.91
89.67
90.91
92.91
92.01
96.77
95.54
90.43
87.43
92.63
98.77
93.61
96.49
90.08
91.25
87.58
91.57
90.78
91.34
91.56
90.31
97.51
88.29
92.29
95.42
92.90
91.53
90.80
93.46
90.86
93.01
89.25
88.42
97.63
88.31
87.50
86.93
93.15
91.33
91.86
90.14
97.41
96.71
88.33
89.96
92.78
90.07
91.35
88.82
89.28
90.02
96.98
90.15
93.16
95.10
96.06
94.75
99.40
90.24
89.46
86.16
91.74
91.74
89.12
95.51
95.87
88.12
87.01
89.55
91.12
91.52
91.61
91.07
90.95
91.46
91.61
