93.45
89.07
88.26
89.26
91.54
89.82
85.70
88.43
88.72
93.27
92.66
92.00
91.24
90.83
92.81
92.06
93.29
95.18
93.32
93.84
93.83
95.21
91.72
98.10
96.17
93.99
92.65
90.07
94.35
93.89
95.24
93.26
97.12
97.49
95.41
92.74
94.07
98.37
97.23
91.28
94.19
97.14
96.07
91.15
93.29
92.78
91.08
96.99
89.28
95.71
99.71
91.64
96.85
93.88
95.20
94.79
91.69
94.32
93.60
90.59
96.12
97.06
94.60
94.24
94.60
102.11
97.85
91.65
88.77
95.89
92.12
91.50
90.15
86.50
90.71
87.16
87.56
92.77
89.73
91.24
85.08
90.44
91.49
89.10
90.03
91.73
90.50
89.00
92.76
91.30
93.95
92.89
96.26
92.52
93.02
89.65
89.23
93.24
88.76
91.62
92.41
96.08
95.44
92.35
91.08
89.60
90.61
87.78
88.37
92.92
94.83
93.16
95.58
93.86
90.75
98.48
91.61
94.19
97.37
94.15
98.36
99.74
95.02
91.52
89.20
89.56
87.48
96.24
91.74
92.31
94.89
95.84
90.90
94.03
91.54
95.54
88.76
92.19
90.50
89.70
87.65
90.68
90.19
93.65
92.87
92.69
90.71
93.59
96.98
91.63
91.23
90.90
88.45
86.43
86.35
91.20
95.89
91.77
91.65
89.81
99.49
98.85
91.20
94.75
93.66
93.78
89.92
95.50
90.98
90.42
89.91
96.53
96.08
96.07
93.19
90.12
95.83
93.13
87.88
92.30
95.74
88.72
91.70
89.48
90.64
89.10
93.48
91.77
89.23
88.51
88.44
88.57
92.69
95.37
89.76
92.04
94.73
93.52
93.78
92.08
91.43
91.10
89.85
99.49
95.61
94.51
92.57
93.86
92.92
95.01
89.51
95.67
97.67
98.86
89.13
89.94
88.56
89.31
88.14
86.82
91.22
92.00
92.24
95.37
89.57
93.72
89.52
88.58
87.27
89.52
87.12
90.49
89.16
88.47
89.21
88.59
91.16
94.56
88.19
96.77
92.47
91.26
89.87
89.79
93.64
94.58
96.59
94.10
92.46
92.06
91.99
95.58
87.12
89.63
92.44
90.39
95.42
98.54
87.72
88.00
89.37
92.45
94.73
95.34
92.64
88.59
92.22
100.98
94.97
92.63
92.72
90.63
92.91
95.35
95.15
88.05
92.14
95.59
88.20
88.19
92.88
87.60
87.56
90.31
91.82
97.23
91.02
87.84
90.46
87.40
90.80
88.65
89.17
87.80
87.77
90.92
88.61
89.53
91.76
93.39
86.72
87.17
88.69
89.09
89.62
89.02
92.54
91.72
90.52
91.93
87.94
90.45
89.09
93.81
95.22
93.42
94.94
89.75
93.13
96.28
100.85
95.86
95.56
94.09
89.39
88.91
96.76
90.72
88.89
89.67
91.20
91.17
92.45
88.52
96.23
89.15
92.86
89.10
93.34
95.02
93.80
90.16
91.04
90.53
91.46
92.86
95.49
87.48
88.86
88.15
91.59
92.28
89.48
89.43
95.37
91.32
89.42
90.85
92.27
88.03
89.33
90.08
87.86
87.80
92.35
92.65
94.13
91.71
91.32
91.46
89.73
89.87
87.93
91.07
88.38
91.33
97.94
96.85
91.99
89.92
99.40
88.58
94.04
94.31
89.60
88.15
90.08
93.57
94.47
92.19
96.26
88.89
89.84
92.52
90.46
89.83
89.77
91.29
87.63
87.28
96.10
86.68
91.12
93.68
95.20
94.41
90.67
90.33
92.69
92.91
90.83
90.41
90.79
89.50
89.05
92.78
92.23
90.90
90.60
91.54
89.05
93.98
99.42
94.76
90.93
93.09
100.34
92.86
87.82
93.63
90.20
92.33
86.74
89.46
87.93
90.47
94.07
93.91
87.11
90.30
89.59
90.18
88.72
88.98
89.49
90.19
95.23
89.97
88.50
91.24
89.47
88.03
99.11
91.19
89.69
102.50
87.81
91.34
93.09
94.46
95.25
89.42
88.76
92.91
90.33
91.73
86.92
90.92
88.09
94.18
88.50
97.37
95.50
88.92
91.50
92.16
93.79
93.50
92.39
89.50
89.30
95.68
91.57
90.41
90.73
87.43
90.33
89.07
89.38
91.59
93.27
89.23
91.14
92.87
90.87
90.32
88.17
91.88
93.11
98.97
96.25
95.71
87.24
86.31
88.76
89.36
93.53
87.86
91.72
86.24
90.90
88.62
88.24
88.35
94.03
90.54
93.45
95.29
91.85
90.15
90.83
89.73
88.74
88.15
89.49
89.77
90.21
89.75
92.95
94.86
94.01
92.18
90.58
87.90
89.96
90.86
87.99
90.33
91.04
90.34
91.27
91.80
89.95
90.30
94.55
89.13
87.03
89.28
89.47
90.70
89.64
95.16
95.60
94.37
91.07
89.25
92.38
88.95
88.99
88.75
93.07
89.97
88.48
90.94
90.45
98.02
88.35
88.99
94.77
91.41
95.42
93.99
94.06
91.15
93.06
91.86
90.16
93.24
94.81
93.26
93.15
91.36
89.15
90.04
93.47
97.61
94.10
91.70
91.10
94.46
91.24
97.66
95.79
93.95
93.41
93.57
93.81
92.91
91.55
90.82
90.26
88.73
92.75
93.56
92.88
88.86
95.38
90.36
96.91
92.59
98.49
92.43
88.56
91.26
90.01
91.06
89.94
89.96
94.49
90.31
89.74
91.45
91.97
89.44
89.99
90.24
87.35
89.36
91.82
88.56
88.78
90.32
90.31
93.32
92.23
94.10
90.42
88.60
88.39
93.80
90.95
89.70
86.88
88.58
89.29
90.82
89.74
87.46
89.58
87.94
90.25
93.18
89.32
90.41
91.70
88.24
87.92
90.58
91.11
92.21
89.78
97.69
92.10
90.21
91.64
89.94
94.36
89.73
91.85
87.99
88.15
88.61
88.43
85.53
87.25
88.14
94.67
89.91
90.04
87.23
89.57
90.73
87.29
90.44
94.33
92.32
92.06
95.23
97.72
86.07
89.18
89.22
90.01
89.31
90.29
93.34
91.92
92.01
87.40
90.61
87.76
87.55
89.81
89.58
87.77
89.15
87.40
87.03
89.93
87.93
88.41
93.23
92.33
92.07
90.12
90.84
88.29
93.03
93.32
92.71
87.86
88.84
88.99
91.09
87.42
88.92
88.53
93.53
99.55
94.55
91.09
92.26
91.37
92.84
97.63
89.90
86.45
87.86
90.51
90.31
93.69
90.41
92.04
92.62
89.48
91.20
91.70
92.05
87.29
89.13
87.19
89.84
93.08
94.50
95.73
93.14
90.45
93.01
92.43
93.61
95.68
93.94
92.03
100.90
92.78
93.77
91.08
89.56
98.37
89.44
89.01
88.25
87.48
91.10
91.93
91.85
91.72
95.51
93.79
95.55
87.59
89.97
95.03
91.60
94.75
93.88
88.87
95.47
90.23
92.59
91.70
93.43
92.51
90.39
91.94
90.04
89.58
87.82
88.00
89.14
91.00
88.99
93.03
92.89
86.76
91.44
91.30
92.29
96.32
98.32
95.62
96.26
98.08
91.14
95.48
91.69
88.94
88.65
87.44
88.32
91.65
93.87
90.70
92.90
89.79
87.56
89.30
87.74
91.76
87.41
88.83
93.47
94.14
96.20
94.87
93.85
92.22
92.40
91.84
90.01
91.97
92.40
90.58
94.88
95.98
88.55
90.09
91.44
89.67
89.39
89.93
89.59
91.63
93.57
90.92
97.23
93.10
93.70
94.01
95.89
87.18
90.85
88.83
92.57
92.57
94.29
90.05
91.83
87.07
90.39
91.02
90.85
91.69
92.32
96.11
97.18
94.55
93.38
89.33
92.16
90.59
93.36
91.84
94.13
97.36
98.91
92.65
90.44
92.18
88.22
89.57
90.88
91.16
90.77
96.95
93.35
97.55
90.66
89.77
95.03
91.65
93.41
96.86
92.35
94.14
89.87
94.95
96.77
89.74
89.66
96.46
89.78
92.39
93.11
91.55
94.78
88.08
88.29
87.54
87.86
89.41
92.70
96.38
96.35
93.67
94.18
91.85
91.31
90.48
92.87
95.11
90.73
92.86
88.05
93.33
90.18
90.20
90.26
89.87
93.29
94.17
96.22
92.08
96.79
93.94
96.26
97.16
95.82
95.54
90.71
89.22
96.16
89.02
92.39
91.30
91.28
92.02
87.10
87.32
94.99
90.06
88.82
89.67
88.27
86.45
93.44
89.73
88.49
88.47
87.04
91.31
90.79
91.25
90.93
92.72
89.71
94.08
93.46
89.41
88.36
91.01
100.30
96.65
89.43
89.56
90.08
91.26
89.46
91.04
90.50
97.47
92.66
92.82
88.62
89.75
88.57
89.90
91.39
92.88
94.49
95.65
91.00
90.70
93.75
93.08
92.24
94.08
90.81
98.30
100.68
101.08
94.85
92.39
89.61
90.81
95.85
94.07
98.90
90.82
92.40
92.90
92.33
94.26
93.17
96.08
96.63
91.59
90.86
91.85
90.13
91.29
91.40
91.71
93.54
88.12
92.24
92.08
97.79
93.81
96.19
91.38
94.44
91.38
93.60
98.40
95.60
97.41
91.25
91.71
93.44
90.00
90.75
93.14
97.09
95.65
95.92
95.12
90.23
89.97
87.81
97.21
96.79
92.90
88.89
95.66
90.12
95.97
95.15
97.08
89.59
89.54
90.04
92.95
92.63
91.65
92.72
87.19
88.16
91.44
88.44
88.53
87.78
92.43
94.15
89.26
85.79
89.28
92.08
93.81
92.32
94.13
92.91
90.32
90.55
91.74
89.77
94.50
92.44
92.74
92.87
92.07
93.08
96.15
93.51
90.30
90.91
92.52
88.57
88.78
93.12
91.06
91.40
89.12
90.96
90.76
92.95
90.90
89.23
96.22
96.65
89.37
89.26
88.84
89.67
96.87
94.17
91.81
94.19
92.43
99.05
90.87
91.47
91.59
89.93
89.17
90.32
91.83
88.13
87.94
95.16
93.27
89.46
95.16
87.86
90.37
92.84
97.04
94.03
88.44
96.00
95.29
97.42
91.28
89.27
94.14
89.68
94.56
92.09
89.56
89.17
91.12
90.18
87.85
87.49
91.19
89.07
87.91
91.06
90.69
92.67
93.64
88.66
94.39
94.70
97.89
93.38
86.47
87.01
86.16
89.29
91.71
92.01
90.92
92.29
90.77
96.14
90.13
92.46
89.65
86.65
88.12
89.42
92.62
88.48
90.57
87.32
93.24
94.62
93.13
91.51
87.57
95.22
92.45
89.27
87.90
95.38
88.44
88.29
90.13
90.29
98.38
89.16
90.25
91.40
92.79
94.38
96.78
93.09
91.51
103.74
89.77
92.79
89.71
88.30
91.06
94.34
88.23
94.86
90.53
95.91
92.67
94.09
100.35
89.95
89.65
86.45
88.07
87.23
89.63
90.95
90.53
94.06
96.83
91.81
92.09
91.93
90.38
96.93
94.19
92.17
90.33
99.06
94.27
92.88
91.74
91.12
88.37
98.54
90.39
91.06
87.89
97.57
89.67
91.93
90.66
89.37
93.13
96.85
93.49
88.78
90.52
87.86
92.25
90.02
92.74
94.01
90.01
88.66
93.08
91.50
90.87
89.38
89.42
95.29
95.11
91.48
90.85
93.96
91.28
87.40
88.48
88.98
90.66
86.28
88.79
86.66
89.72
88.52
89.63
86.74
88.54
90.20
90.47
91.53
91.53
88.88
91.56
84.96
87.09
85.72
87.60
89.01
93.67
88.31
89.71
90.23
92.77
88.59
85.78
87.03
88.44
89.13
91.65
88.70
92.05
88.31
86.03
87.72
87.30
89.56
90.10
90.77
93.63
92.78
91.75
86.74
91.76
86.92
91.92
91.67
87.79
88.78
87.56
86.03
88.17
93.11
85.26
86.48
88.46
86.16
87.03
87.19
92.30
90.57
91.34
89.88
87.59
87.83
93.91
87.19
94.56
92.57
92.25
94.57
94.89
86.36
87.81
89.93
95.79
94.84
89.33
88.88
89.06
93.52
92.14
99.09
90.68
89.01
92.46
93.80
92.65
91.67
92.02
91.60
94.59
90.98
90.46
96.62
92.48
90.89
89.82
87.67
94.70
91.57
93.58
91.40
90.95
97.40
89.59
89.31
87.88
91.19
89.55
91.50
91.89
89.49
89.41
86.54
86.28
89.45
93.06
89.01
89.71
101.03
92.58
92.93
92.15
93.16
89.50
93.51
86.59
90.53
92.44
88.71
92.59
99.95
92.41
91.99
93.27
92.32
89.62
89.30
90.36
89.69
103.15
94.26
94.20
94.19
92.49
98.60
99.92
103.26
101.76
89.47
91.32
92.49
94.82
93.37
89.77
96.54
91.19
97.19
89.96
89.99
95.19
91.81
93.10
92.26
93.49
91.95
94.01
95.68
90.47
93.00
91.29
94.37
95.41
95.30
93.62
92.02
95.45
96.58
92.99
94.48
93.84
90.39
89.84
98.44
96.62
95.80
95.02
93.17
93.51
92.88
92.17
92.29
95.00
90.67
98.04
92.76
94.50
92.79
93.79
92.04
94.87
95.64
89.31
93.15
94.76
90.50
89.30
94.27
86.48
86.69
87.14
92.76
95.32
91.64
95.83
97.92
97.75
90.93
91.11
91.77
95.43
95.44
95.75
93.80
88.64
87.97
87.41
88.68
93.34
93.38
91.26
92.94
93.21
93.12
95.22
92.26
88.95
87.35
86.52
89.31
92.32
88.13
89.52
90.33
91.93
92.76
90.07
87.38
91.29
90.98
89.05
88.48
88.96
89.51
89.21
91.84
91.38
91.64
99.81
95.25
93.20
96.89
99.33
91.46
92.16
89.43
93.80
86.98
91.62
94.12
90.64
89.43
91.13
91.68
96.77
88.21
88.46
91.04
88.84
91.62
91.01
90.55
96.96
90.11
96.16
93.55
91.71
88.43
88.61
88.67
87.39
89.93
91.62
91.60
92.23
94.05
92.46
91.19
90.20
88.42
89.91
85.41
87.17
91.53
91.00
92.40
94.04
96.55
89.58
91.85
90.77
88.31
84.70
86.79
88.48
91.02
84.82
90.17
88.08
89.24
86.48
94.92
84.14
84.45
90.57
89.73
88.15
87.94
86.15
83.56
86.69
85.99
87.03
84.32
86.07
86.29
89.39
90.21
95.86
89.80
88.03
90.00
88.92
87.68
90.43
85.88
89.66
85.04
85.91
86.73
90.56
91.39
90.05
94.30
91.89
88.76
86.69
84.77
85.08
88.75
85.87
89.96
94.49
90.72
88.44
86.07
91.02
87.28
86.76
91.45
95.57
84.98
83.94
92.02
89.70
89.70
89.91
86.18
89.59
88.26
93.99
94.31
94.42
93.80
90.05
94.58
86.30
90.09
90.27
88.09
89.23
92.63
91.02
86.47
88.36
89.28
95.86
95.63
94.52
91.22
88.95
86.33
88.34
89.78
92.99
91.62
89.48
89.11
88.18
86.75
87.40
86.34
88.84
89.29
90.17
93.66
89.12
88.78
92.33
90.12
92.88
95.38
90.78
91.05
89.10
91.51
88.79
89.63
87.35
86.79
91.43
97.93
89.68
88.32
88.78
95.91
88.99
89.51
91.24
89.42
89.70
89.31
88.87
89.65
92.18
90.78
91.50
89.93
94.00
101.31
87.17
89.11
93.64
92.16
95.45
92.49
97.51
96.36
93.27
93.68
92.46
90.68
92.06
94.40
94.88
87.53
97.59
90.49
88.95
94.04
90.70
88.83
88.05
86.88
93.46
97.35
96.30
97.09
91.81
89.57
93.49
93.48
92.62
91.49
91.81
95.62
89.58
91.04
92.41
91.81
90.49
96.98
99.40
93.20
94.06
93.85
91.71
94.69
93.26
94.67
89.62
91.54
90.79
96.99
92.97
87.30
89.78
91.84
89.71
88.17
93.58
92.42
88.17
90.67
90.64
90.45
90.98
92.95
92.79
90.82
89.15
89.48
93.46
92.37
93.53
95.90
89.69
90.45
96.59
97.18
97.20
92.10
94.62
96.40
89.79
93.17
88.97
92.10
95.73
91.82
92.51
93.81
89.22
93.25
92.80
87.86
95.46
92.43
95.62
93.75
89.40
86.42
88.49
87.54
90.19
89.50
97.29
91.56
93.03
89.55
88.32
88.32
92.15
90.10
90.51
91.42
90.45
93.22
90.17
94.25
91.89
91.79
92.41
93.91
94.92
92.85
90.27
88.75
87.88
90.23
89.97
89.05
88.66
89.21
87.35
87.46
92.78
97.03
100.27
87.65
87.63
90.32
89.45
93.67
90.78
88.86
94.04
91.55
90.60
96.33
91.24
94.74
94.60
93.41
90.39
89.06
91.73
91.94
89.54
88.41
90.36
91.72
95.81
90.87
88.46
95.78
99.71
92.86
96.19
87.25
89.06
89.25
94.79
94.77
94.69
89.00
93.36
90.87
92.53
88.89
89.13
91.22
93.70
91.51
95.22
90.55
91.01
95.50
94.26
92.93
87.90
90.09
93.29
91.29
88.43
96.37
91.49
91.08
93.20
91.89
93.21
91.99
90.98
95.28
93.45
95.10
91.03
89.73
91.60
93.37
87.74
91.30
90.30
89.26
89.75
89.33
88.60
92.46
94.97
93.15
88.76
90.90
95.39
93.00
90.17
95.82
93.30
95.03
94.82
92.28
93.69
95.74
90.45
89.46
91.72
90.02
96.29
92.63
92.96
91.16
100.20
95.38
94.68
93.05
92.57
92.15
92.77
96.11
90.98
88.43
89.99
92.19
87.31
87.97
88.27
87.99
89.41
95.89
89.14
93.22
89.39
87.38
89.86
90.30
92.92
98.56
97.35
91.14
94.56
92.52
92.46
97.93
97.95
90.37
90.36
90.95
93.73
94.49
92.87
89.75
92.05
92.30
96.91
91.24
93.48
95.69
93.26
94.99
95.21
94.89
92.90
91.36
95.27
95.94
92.27
92.38
91.52
88.45
93.52
92.63
90.76
91.82
89.22
89.84
95.05
94.30
90.72
92.77
93.75
92.09
90.72
87.24
89.28
93.82
88.85
91.85
89.78
89.09
91.79
89.75
89.33
87.64
90.95
92.65
87.77
95.07
93.02
96.47
93.04
89.99
88.84
89.94
88.87
90.86
93.28
91.57
92.99
92.90
91.06
90.21
90.07
89.53
89.64
91.18
88.29
90.39
90.05
90.61
89.13
93.09
89.27
86.68
89.02
89.43
90.30
91.99
90.10
87.46
91.77
91.52
96.09
87.50
90.92
88.89
92.98
89.86
86.95
87.94
88.23
88.13
89.56
87.89
91.52
89.87
95.98
90.02
97.05
87.44
91.07
94.48
89.98
88.50
88.73
89.69
89.90
93.84
94.49
85.91
91.51
91.01
90.79
94.67
93.52
94.64
93.64
94.94
89.50
95.59
96.03
94.54
88.74
89.22
87.67
86.75
86.41
88.27
89.21
87.10
91.44
91.80
88.76
90.98
92.59
89.25
88.96
92.52
92.20
90.05
90.35
91.92
87.37
88.84
88.29
92.32
93.22
91.59
88.27
88.78
91.92
87.49
97.54
97.36
87.68
88.08
91.00
91.10
94.46
91.80
90.73
90.94
93.21
90.79
94.93
93.90
91.88
