1.0000004314294795 0.0 1.0 0.0
2.0000004314294797 1.0 0.0 6.628787878787879
3.0000004314294797 3.679851620690764e-06 0.21770704293131388 88.4469696969697
4.000000431429481 1.0 0.0 96.5909090909091
5.000000431429481 1.0 0.0 99.62121212121212
6.000000431429481 1.0 0.0 99.62121212121212
7.0000004314294815 1.0 0.0 99.62121212121212
8.00000043142948 1.0 0.0 99.62121212121212
9.00000043142948 1.0 0.0 99.62121212121212
10.00000043142948 1.0 0.0 99.62121212121212
11.00000043142948 1.0 0.0 99.62121212121212
12.00000043142948 1.0 0.0 99.62121212121212
13.000000431429482 1.0 0.0 99.62121212121212
14.000000431429482 1.0 0.0 99.62121212121212
15.000000431429482 1.0 0.0 99.62121212121212
16.000000431429484 1.0 0.0 99.62121212121212
17.000000431429484 1.0 0.0 99.81060606060606
18.000000431429484 1.0 0.0 99.81060606060606
19.000000431429484 1.0 0.0 99.81060606060606
20.000000431429484 1.0 0.0 99.81060606060606
21.000000431429484 1.0 0.0 99.81060606060606
22.000000431429484 1.0 0.0 99.81060606060606
23.000000431429484 1.0 0.0 99.81060606060606
24.000000431429484 1.0 0.0 99.81060606060606
25.000000431429488 1.0 0.0 99.81060606060606
26.000000431429488 1.0 0.0 99.81060606060606
27.000000431429488 1.0 0.0 99.81060606060606
28.000000431429488 1.0 0.0 100.0
29.000000431429488 1.0 0.0 100.0
30.000000431429488 1.0 0.0 100.0
