9.605079633430000285e+01
1.019478933820000037e+02
8.515660223419999397e+01
8.980061624820000077e+01
8.940524270040000943e+01
9.239227622549999808e+01
8.879415905530001396e+01
8.725833467610000582e+01
9.005799197700001457e+01
8.527228298340000379e+01
9.323897757899999306e+01
8.973395202389998815e+01
9.072460745379999025e+01
9.814632121580000046e+01
9.322485620370001413e+01
9.283637808420000681e+01
9.766909967870000742e+01
8.172223925850001081e+01
8.740066888660000188e+01
9.163310770830000251e+01
9.658259749510000347e+01
8.887962705049999101e+01
8.604168813459999399e+01
9.391363235200000759e+01
9.543310534950001056e+01
9.533261271499999623e+01
9.272646580690000917e+01
9.158898490159999994e+01
8.491907100490000460e+01
8.575037045119999846e+01
9.075102275000000418e+01
9.052747060530001022e+01
9.287766909510000346e+01
9.670064032679999855e+01
9.427157188790000930e+01
9.747601873850000231e+01
9.197788976030000185e+01
9.159622905790000402e+01
9.096361613959999204e+01
8.840614504709999721e+01
9.753437582429999964e+01
8.917371150830000204e+01
9.747963800089999609e+01
9.439041005320000011e+01
8.844394908649999820e+01
9.397477179639999179e+01
9.566133100419999380e+01
8.811370631309999624e+01
8.808019475260000775e+01
9.525879640409999638e+01
9.057062787299999229e+01
8.942061361829999555e+01
8.914840379410000537e+01
8.973172789450001119e+01
9.132395726540001135e+01
9.144023473280000758e+01
9.101275190629999656e+01
8.837665541399999825e+01
8.655494037830000309e+01
8.406311798649998934e+01
8.955660592450000479e+01
9.210435437770000533e+01
8.922926740820000191e+01
9.590794613430000481e+01
8.730719575629998985e+01
9.071446260049999921e+01
8.852461779979999790e+01
9.389606335280001304e+01
9.609746161099999995e+01
8.939537201070000094e+01
8.926377378109999938e+01
9.434082771740000339e+01
9.493853578590000097e+01
8.970993016810000142e+01
1.007993891200000007e+02
9.776438932069999055e+01
8.741157713620000891e+01
8.617517694850000964e+01
9.219433990559998904e+01
9.692002156159999515e+01
8.349955635339999560e+01
9.095832583809999505e+01
9.482655206469999598e+01
9.510402681269999903e+01
8.899295826879999538e+01
9.195323483950001275e+01
8.763116892879999398e+01
8.726030472739999766e+01
9.456940376670000603e+01
9.197338171370000737e+01
1.004492855449999951e+02
8.956026387920000786e+01
8.737779816879999828e+01
9.057885478030000570e+01
9.315625610399999346e+01
9.383822543269999983e+01
9.020493811240000070e+01
9.022486360950000517e+01
8.864327597139998716e+01
9.226632123129999741e+01
9.318752892399999155e+01
8.127687025039999469e+01
9.380067273759999580e+01
8.747330486719999953e+01
8.677447576899999149e+01
9.712117772889999401e+01
9.845509418350000885e+01
9.668083810389998689e+01
9.413830789669999888e+01
9.505461190209999245e+01
9.127988091310000129e+01
9.300452646169999582e+01
9.062041639540001370e+01
9.227951075129999481e+01
8.967899885059999576e+01
9.072761851540001032e+01
8.732288760809998962e+01
9.506226124020000157e+01
9.247309100740000076e+01
8.866017667219999510e+01
9.292394813540001053e+01
8.287855023630000062e+01
1.007993891200000007e+02
8.863380164999999522e+01
9.994553891590000205e+01
9.192894995829999516e+01
8.855812059780001277e+01
9.416690124309999987e+01
8.615422199280000370e+01
9.057062787299999229e+01
8.659565285189999884e+01
9.100638364110000111e+01
8.836022205879999092e+01
9.935398761229998854e+01
9.593620526280000149e+01
8.685715255099999865e+01
9.165671764059999305e+01
8.913996901879998802e+01
9.887305468680000331e+01
8.931706568780001021e+01
8.590041082160000485e+01
9.320374429919999670e+01
8.844969670180000776e+01
9.393450077530000897e+01
