0.5854984521865845 0.0 1.0 0.0
0.6854984521865845 0.0 1.0 0.0
0.7854984521865844 0.0 1.0 0.0
0.8854984521865844 0.0 1.0 0.0
0.9854984521865844 0.0 1.0 0.0
1.0854984521865845 0.0 1.0 0.0
1.1854984521865843 0.0 1.0 0.0
1.2854984521865842 0.0 1.0 0.0
1.3854984521865843 0.0 1.0 0.0
1.4854984521865844 0.0 1.0 0.0
1.5854984521865843 0.0 1.0 0.0
1.6854984521865841 0.0 1.0 0.0
1.7854984521865842 0.0 1.0 0.0
1.8854984521865843 0.9863843770046333 0.00411652968308 4.63535228677
1.9854984521865842 0.0024710465850469507 0.106677273688 16.934487021
2.085498452186584 2.1426171182623677e-06 0.150324297971 28.2447466007
2.185498452186584 4.708981528212327e-16 0.239336125379 43.8195302843
2.285498452186584 1.7434602384816006e-18 0.247347155535 51.2978986403
2.3854984521865843 7.310988057526406e-24 0.284565247926 65.1421508035
2.485498452186584 1.0967596035876119e-09 0.196908787734 75.4635352287
2.585498452186584 1.7327692983857986e-09 0.191638346631 79.3572311496
2.685498452186584 1.2798612774462173e-09 0.184930522854 81.891223733
2.7854984521865838 5.703528305058317e-09 0.179360835049 87.0828182942
2.885498452186584 6.132410011133895e-06 0.145403826453 89.7404202719
2.985498452186584 2.952080113133096e-13 0.199995073973 89.369592089
3.085498452186584 7.487438396979268e-07 0.144939187073 90.543881335
3.185498452186584 0.0002209282564751226 0.12169138082 95.3028430161
3.2854984521865838 0.00032193052897448656 0.113827396923 95.4264524104
3.385498452186584 0.002605168721735627 0.100466952354 95.8590852905
3.485498452186584 0.05138604934019171 0.0692253369648 96.6625463535
3.5854984521865836 0.012938149219291907 0.0816490511181 97.8368355995
3.6854984521865837 0.00929669676303053 0.0843156829515 98.2076637824
3.7854984521865838 0.0008951839962768317 0.0931423759534 97.4042027194
3.885498452186584 0.003286162036630755 0.084071566939 98.2694684796
3.985498452186584 0.08738311714137466 0.0548900821262 98.2694684796
4.085498452186584 0.27376453926045125 0.0400167901691 98.8875154512
4.185498452186584 0.48329247325990954 0.0299800773133 99.3201483313
4.285498452186584 0.31985170191740087 0.037536925736 99.3819530284
4.385498452186583 0.8822422882152356 0.0124446143805 99.8145859085
4.485498452186583 0.7301433585429369 0.00857526998213 98.4548825711
4.585498452186584 1.0 0.0 97.8368355995
4.685498452186583 1.0 0.0 98.3312731768
4.785498452186584 1.0 0.0 98.5784919654
4.885498452186583 1.0 0.0 99.196538937
4.985498452186583 1.0 0.0 99.3819530284
5.085498452186584 1.0 0.0 99.6291718171
5.185498452186583 1.0 0.0 99.8145859085
5.285498452186584 1.0 0.0 100.0
5.385498452186583 1.0 0.0 100.0
5.485498452186583 1.0 0.0 100.0
5.585498452186584 1.0 0.0 100.0
5.685498452186583 1.0 0.0 100.0
5.785498452186584 1.0 0.0 100.0
5.885498452186583 1.0 0.0 100.0
5.985498452186583 1.0 0.0 100.0
6.085498452186584 1.0 0.0 100.0
6.185498452186583 1.0 0.0 100.0
6.285498452186583 1.0 0.0 100.0
6.385498452186583 1.0 0.0 100.0
6.485498452186583 1.0 0.0 100.0
6.585498452186583 1.0 0.0 100.0
6.685498452186583 1.0 0.0 100.0
6.785498452186583 1.0 0.0 100.0
6.885498452186583 1.0 0.0 100.0
6.985498452186583 1.0 0.0 100.0
7.085498452186583 1.0 0.0 100.0
7.185498452186583 1.0 0.0 100.0
7.285498452186583 1.0 0.0 100.0
7.385498452186583 1.0 0.0 100.0
7.485498452186583 1.0 0.0 100.0
7.585498452186583 1.0 0.0 100.0
7.685498452186583 1.0 0.0 100.0
7.785498452186583 1.0 0.0 100.0
7.8854984521865825 1.0 0.0 100.0
7.985498452186583 1.0 0.0 100.0
8.085498452186583 1.0 0.0 100.0
8.185498452186582 1.0 0.0 100.0
8.285498452186584 1.0 0.0 100.0
8.385498452186582 1.0 0.0 100.0
8.485498452186583 1.0 0.0 100.0
8.585498452186583 1.0 0.0 100.0
8.685498452186582 1.0 0.0 100.0
8.785498452186582 1.0 0.0 100.0
8.885498452186583 1.0 0.0 100.0
8.985498452186583 1.0 0.0 100.0
9.085498452186583 1.0 0.0 100.0
