77.6 1
77.81139999999999 0
78.02279999999999 0
78.2342 0
78.4456 0
78.657 0
78.8684 0
79.07979999999999 0
79.29119999999999 0
79.5026 0
79.714 0
79.9254 1
80.1368 2
80.34819999999999 0
80.55959999999999 2
80.771 2
80.9824 2
81.1938 3
81.4052 1
81.61659999999999 1
81.82799999999999 11
82.0394 6
82.2508 9
82.4622 13
82.6736 24
82.88499999999999 6
83.09639999999999 11
83.3078 21
83.5192 16
83.7306 25
83.942 15
84.15339999999999 17
84.36479999999999 21
84.5762 18
84.7876 19
84.999 25
85.21039999999999 22
85.42179999999999 19
85.63319999999999 23
85.8446 27
86.056 19
86.2674 22
86.47879999999999 19
86.69019999999999 23
86.9016 26
87.113 23
87.3244 27
87.5358 24
87.74719999999999 20
87.95859999999999 19
88.16999999999999 12
88.3814 17
88.5928 18
88.8042 19
89.01559999999999 24
89.22699999999999 16
89.4384 14
89.6498 13
89.8612 16
90.0726 12
90.28399999999999 10
90.49539999999999 7
90.70679999999999 10
90.9182 6
91.1296 10
91.341 6
91.55239999999999 6
91.76379999999999 6
91.9752 11
92.1866 11
92.398 6
92.6094 5
92.82079999999999 7
93.03219999999999 5
93.2436 5
93.455 5
93.6664 3
93.8778 1
94.08919999999999 2
94.3006 2
94.512 3
94.7234 3
94.9348 1
95.1462 3
95.35759999999999 1
95.56899999999999 1
95.78039999999999 1
95.9918 4
96.2032 0
96.4146 0
96.62599999999999 2
96.8374 1
97.0488 0
97.2602 1
97.4716 2
97.68299999999999 0
97.89439999999999 0
98.10579999999999 0
98.3172 2
98.5286 1
