0.3826986253261566 0.0 1.0 0.0
0.4826986253261566 0.0 1.0 0.0
0.5826986253261566 0.0 1.0 0.0
0.6826986253261565 0.0 1.0 0.0
0.7826986253261565 0.0 1.0 0.0
0.8826986253261565 0.0 1.0 0.0
0.9826986253261565 0.0 1.0 0.0
1.0826986253261563 0.0 1.0 0.0
1.1826986253261564 0.0 1.0 0.0
1.2826986253261565 0.0 1.0 0.0
1.3826986253261564 0.0 1.0 0.0
1.4826986253261563 0.0 1.0 0.0
1.5826986253261563 0.0 1.0 0.0
1.6826986253261564 0.0 1.0 0.0
1.7826986253261563 0.0 1.0 0.0
1.8826986253261562 0.0 1.0 0.0
1.9826986253261563 0.0034692996374226072 0.0483251435913 1.99562602515
2.0826986253261563 7.927516401413064e-08 0.102894456275 6.6429743029
2.1826986253261564 6.134434433159561e-26 0.206069687736 24.1388737015
2.282698625326156 7.335710437335681e-27 0.207288375137 31.2465828321
2.382698625326156 1.0728935497871504e-45 0.268717056977 45.0519409513
2.4826986253261563 1.1268305256371461e-53 0.287837373707 55.4674685621
2.582698625326156 1.0803066816866875e-43 0.266615022884 64.8715144888
2.682698625326156 1.9351560522224558e-47 0.271530540458 69.4915254237
2.782698625326156 2.0677859913694336e-36 0.239535154522 79.4969928923
2.882698625326156 2.2875330362704626e-32 0.226188639876 84.2810278841
2.9826986253261563 2.526099581188681e-38 0.243167914211 88.5729907053
3.082698625326156 1.5768509550572115e-23 0.19221238834 91.060688901
3.182698625326156 1.4970512197984823e-13 0.150338182979 94.0404592674
3.282698625326156 1.0001144529568469e-13 0.148850763017 96.3094587206
3.3826986253261557 9.743525358336448e-09 0.123184740927 96.5008201203
3.482698625326156 7.37326215250244e-11 0.132342836963 97.5123018043
3.582698625326156 7.661840777204922e-07 0.103054942437 96.4188080919
3.682698625326156 5.47285473823768e-11 0.124646523858 96.5828321487
3.782698625326156 1.4385788696163407e-11 0.12769323548 97.5396391471
3.8826986253261557 1.9263689620278876e-09 0.112762192081 98.3870967742
3.982698625326156 4.692398396187372e-06 0.0866574990576 97.5669764899
4.082698625326156 6.055327955217449e-05 0.0728697352794 98.0863860033
4.1826986253261556 1.067566601839061e-09 0.106276211464 98.8791689448
4.282698625326155 1.3481911912025512e-10 0.111471805491 99.3439037726
4.382698625326156 8.673373457265663e-11 0.112548338955 99.6992892291
4.482698625326155 1.4485954844529603e-05 0.0780514858935 99.3985784582
4.582698625326156 1.2133877660676224e-06 0.0863008530408 99.6992892291
4.6826986253261556 1.1714591208005219e-08 0.0999246043285 99.7266265719
4.782698625326155 0.00023146280124311882 0.0676525527732 99.7266265719
4.882698625326156 0.00026952079998271997 0.0670346074445 99.8633132859
4.982698625326155 0.0018457809832983776 0.0586659268684 100.0
5.082698625326156 0.08489530176273062 0.0284874766008 99.4805904866
5.1826986253261556 0.0006464430641982266 0.0564031321205 99.8086386003
5.282698625326155 1.0 0.0 98.7424822307
5.382698625326156 1.0 0.0 99.1798797157
5.482698625326155 1.0 0.0 99.5079278294
5.582698625326156 1.0 0.0 99.6719518863
5.6826986253261556 1.0 0.0 99.8086386003
5.782698625326155 1.0 0.0 99.8906506288
5.882698625326156 1.0 0.0 99.9179879716
5.982698625326155 1.0 0.0 100.0
6.082698625326155 1.0 0.0 100.0
6.1826986253261556 1.0 0.0 100.0
6.282698625326155 1.0 0.0 100.0
6.382698625326155 1.0 0.0 100.0
6.482698625326155 1.0 0.0 100.0
6.582698625326155 1.0 0.0 100.0
6.6826986253261556 1.0 0.0 100.0
6.782698625326155 1.0 0.0 100.0
6.882698625326155 1.0 0.0 100.0
6.982698625326155 1.0 0.0 100.0
7.082698625326155 1.0 0.0 100.0
7.1826986253261556 1.0 0.0 100.0
7.282698625326155 1.0 0.0 100.0
7.382698625326155 1.0 0.0 100.0
7.482698625326155 1.0 0.0 100.0
7.582698625326155 1.0 0.0 100.0
7.682698625326155 1.0 0.0 100.0
7.782698625326155 1.0 0.0 100.0
7.882698625326155 1.0 0.0 100.0
7.9826986253261545 1.0 0.0 100.0
8.082698625326156 1.0 0.0 100.0
8.182698625326154 1.0 0.0 100.0
8.282698625326155 1.0 0.0 100.0
8.382698625326155 1.0 0.0 100.0
8.482698625326154 1.0 0.0 100.0
8.582698625326154 1.0 0.0 100.0
8.682698625326156 1.0 0.0 100.0
8.782698625326155 1.0 0.0 100.0
8.882698625326155 1.0 0.0 100.0
8.982698625326154 1.0 0.0 100.0
9.082698625326154 1.0 0.0 100.0
9.182698625326154 1.0 0.0 100.0
9.282698625326155 1.0 0.0 100.0
9.382698625326155 1.0 0.0 100.0
9.482698625326154 1.0 0.0 100.0
9.582698625326154 1.0 0.0 100.0
9.682698625326154 1.0 0.0 100.0
9.782698625326155 1.0 0.0 100.0
9.882698625326155 1.0 0.0 100.0
9.982698625326154 1.0 0.0 100.0
10.082698625326154 1.0 0.0 100.0
10.182698625326154 1.0 0.0 100.0
