83.56 1
83.76180000000001 1
83.9636 1
84.1654 1
84.3672 1
84.569 2
84.77080000000001 2
84.9726 4
85.1744 1
85.3762 2
85.578 2
85.7798 6
85.9816 10
86.1834 10
86.3852 14
86.587 17
86.7888 9
86.9906 24
87.1924 24
87.3942 31
87.596 22
87.7978 41
87.9996 35
88.2014 35
88.4032 52
88.605 43
88.8068 45
89.0086 51
89.21039999999999 61
89.4122 69
89.614 71
89.8158 57
90.0176 56
90.2194 56
90.4212 51
90.623 52
90.8248 61
91.0266 54
91.2284 52
91.4302 60
91.632 64
91.8338 46
92.0356 47
92.2374 53
92.4392 46
92.64099999999999 43
92.8428 54
93.0446 48
93.2464 39
93.4482 44
93.65 41
93.8518 32
94.0536 34
94.2554 23
94.4572 34
94.65899999999999 28
94.8608 26
95.0626 25
95.2644 27
95.4662 27
95.66799999999999 26
95.8698 16
96.0716 25
96.2734 12
96.4752 11
96.67699999999999 13
96.8788 15
97.0806 13
97.2824 11
97.4842 10
97.68599999999999 5
97.8878 9
98.08959999999999 1
98.2914 10
98.4932 4
98.695 2
98.8968 6
99.09859999999999 1
99.3004 6
99.5022 1
99.704 4
99.9058 2
100.10759999999999 3
100.3094 2
100.5112 1
100.713 2
100.9148 3
101.11659999999999 1
101.3184 0
101.52019999999999 0
101.722 1
101.9238 1
102.12559999999999 0
102.3274 1
102.5292 0
102.731 0
102.93279999999999 0
103.13459999999999 2
103.3364 0
103.53819999999999 1
