85.1 1
85.2804 1
85.46079999999999 0
85.6412 0
85.82159999999999 2
86.002 2
86.1824 1
86.3628 7
86.5432 11
86.72359999999999 10
86.904 11
87.08439999999999 11
87.2648 8
87.4452 16
87.62559999999999 11
87.806 23
87.98639999999999 30
88.1668 24
88.3472 20
88.52759999999999 13
88.708 23
88.88839999999999 26
89.0688 30
89.2492 31
89.4296 39
89.61 41
89.79039999999999 26
89.9708 43
90.15119999999999 33
90.3316 30
90.512 32
90.69239999999999 28
90.8728 47
91.05319999999999 44
91.2336 37
91.414 31
91.5944 33
91.7748 37
91.95519999999999 32
92.1356 34
92.316 36
92.4964 39
92.6768 30
92.85719999999999 35
93.0376 26
93.21799999999999 24
93.3984 21
93.5788 28
93.75919999999999 24
93.9396 19
94.12 18
94.3004 23
94.4808 16
94.6612 12
94.8416 24
95.02199999999999 14
95.2024 21
95.3828 13
95.5632 12
95.7436 15
95.92399999999999 3
96.1044 5
96.2848 11
96.4652 10
96.6456 8
96.826 8
97.0064 13
97.1868 7
97.3672 7
97.5476 10
97.728 9
97.9084 4
98.08879999999999 7
98.2692 3
98.4496 4
98.63 4
98.8104 4
98.9908 3
99.1712 1
99.3516 3
99.532 2
99.7124 2
99.8928 2
100.0732 0
100.2536 2
100.434 3
100.6144 1
100.7948 0
100.9752 0
101.15559999999999 1
101.336 0
101.5164 0
101.6968 0
101.8772 0
102.05760000000001 1
102.238 0
102.41839999999999 0
102.5988 1
102.7792 0
102.9596 1
