3450
79
214
215
216
217
218
219
220
221
222
223
281
282
283
284
285
286
287
345
346
406
407
429
692
693
694
695
696
697
717
719
721
722
723
725
761
808
809
810
811
812
840
842
843
844
897
898
899
900
916
917
918
963
1169
1171
1531
1533
1547
1549
1550
1551
1552
1553
1600
1601
1856
1857
1858
1859
1950
1957
1958
1959
1960
1961
1962
1963
1964
1965
1966
1967
1968
1969
1970
1971
1972
1973
1974
1975
1976
2261
2270
2327
2368
2369
2383
2384
2386
2434
2435
2436
2437
2443
2444
2451
2452
2453
2454
2455
2456
2457
2461
2462
2463
2464
2465
2466
2467
2468
2469
2470
2471
2472
2473
2474
2475
2476
2477
2478
2479
2480
2481
2482
2483
2484
2485
2486
2487
2488
2489
2490
2491
2492
2493
2494
2495
2496
2497
2499
2500
2502
2503
2504
2505
2506
2507
2508
2509
2510
2511
2512
2513
2514
2515
2516
2517
2518
2520
2526
2530
2531
2532
2534
2560
2561
2562
2729
2730
2800
2829
2855
2856
2934
2935
2947
2948
2964
2965
3122
3123
3124
3380
3381
3382
3383
3434
3484
3637
