15
10
11
13
14
16
17
18
19
20
21
24
25
26
27
28
29
30
31
32
33
34
35
36
37
38
39
40
41
42
43
44
45
46
47
48
49
50
51
52
53
54
55
56
57
58
59
63
64
65
66
68
69
70
71
72
73
74
75
76
77
78
115
116
130
131
132
133
136
137
141
142
147
148
149
168
195
196
197
198
206
207
208
209
210
212
213
224
225
226
227
228
229
230
231
232
233
234
238
239
240
241
242
243
244
245
246
247
248
249
250
251
252
253
254
255
256
259
260
261
271
272
368
379
386
423
475
476
477
478
519
520
521
522
523
524
525
526
527
528
529
531
537
538
539
540
541
542
546
547
548
568
569
570
571
572
574
575
576
577
578
579
580
581
582
584
585
591
592
593
594
595
596
597
598
599
600
611
753
826
827
828
829
830
831
832
833
834
835
836
837
855
901
902
909
911
912
913
915
929
930
931
932
933
934
935
936
937
938
939
940
941
942
943
944
945
946
947
948
1009
1022
1023
1024
1025
1047
1048
1049
1050
1051
1052
1060
1061
1064
1066
1067
1068
1069
1070
1072
1073
1075
1076
1077
1078
1088
1089
1090
1091
1095
1096
1097
1098
1099
1100
1101
1114
1115
1116
1118
1120
1121
1122
1214
1215
1246
1247
1248
1369
1370
1371
1372
1373
1374
1375
1376
1377
1378
1379
1425
1426
1427
1428
1429
1430
1431
1432
1433
1434
1435
1436
1443
1444
1447
1448
1449
1454
1455
1458
1459
1460
1461
1462
1463
1464
1465
1466
1468
1469
1470
1473
1474
1481
1482
1483
1484
1485
1486
1487
1488
1489
1490
1491
1492
1493
1495
1496
1497
1498
1499
1500
1501
1562
1713
1714
1715
1716
1717
1718
1719
1720
1731
1732
1733
1734
1735
1736
1737
1738
1739
1740
1741
1742
1743
1744
1745
1746
1747
1748
1749
1750
1751
1752
1753
1754
1755
1756
1759
1760
1761
1762
1769
1770
1771
1772
1773
1774
1784
1787
1788
1789
1790
1791
1792
1793
1794
1795
1796
1797
1798
1799
1800
1801
1802
1806
1807
1808
1809
1810
1811
1812
1813
1817
1818
1819
1820
1821
1832
1833
1834
1835
1836
1837
1838
1839
1916
1917
1918
1919
1920
1921
1922
1923
1924
1925
1926
1927
1928
1929
1930
1941
1942
1943
1946
1947
1948
1949
2009
2010
2011
2012
2014
2015
2016
2017
2018
2019
2020
2021
2022
2023
2024
2025
2026
2027
2028
2029
2030
