2310
2311
2312
2313
2314
2315
2316
2317
2318
2319
2320
2321
2322
2402
2403
2635
2636
2665
2666
2667
2668
2670
2713
2714
2716
2717
2718
2725
2726
2764
2765
2766
2767
2768
2769
2770
2781
2782
2783
2784
2785
2786
2787
2794
2795
2796
2797
2802
2812
2830
2831
2833
2834
2835
2836
2837
2838
2839
2840
2841
2843
2844
2854
2885
2891
2899
2915
2916
2917
2944
2945
2946
3054
3055
3056
3057
3058
3059
3060
3061
3065
3066
3067
3068
3069
3070
3071
3072
3073
3074
3075
3076
3077
3078
3079
3080
3081
3082
3083
3084
3085
3086
3087
3088
3089
3090
3091
3092
3093
3094
3095
3096
3097
3098
3099
3100
3126
3127
3128
3129
3130
3131
3132
3133
3134
3135
3136
3137
3138
3139
3140
3141
3142
3143
3144
3145
3146
3147
3148
3151
3152
3153
3154
3176
3177
3178
3179
3180
3181
3182
3183
3184
3210
3211
3212
3218
3219
3220
3221
3223
3224
3225
3226
3227
3228
3229
3230
3231
3232
3233
3234
3235
3236
3237
3238
3239
3240
3241
3242
3243
3244
3245
3246
3247
3248
3249
3250
3251
3252
3253
3254
3255
3256
3258
3259
3260
3261
3262
3263
3264
3265
3266
3267
3268
3269
3270
3271
3272
3279
3280
3281
3282
3283
3284
3285
3323
3324
3337
3340
3341
3342
3343
3344
3345
3346
3347
3348
3349
3350
3351
3352
3353
3451
3452
3453
3454
3456
3457
3458
3459
3460
3461
3462
3463
3464
3465
3466
3467
3468
3469
3470
3471
3472
3473
3474
3476
3477
3478
3501
3525
3526
3527
3528
3529
3558
3559
3560
3561
3562
3563
3564
3565
3566
3567
3568
3569
3579
3580
3581
3582
3583
3584
3585
3586
3633
