3450
2261
2270
2327
2368
2369
2383
2384
2386
2434
2435
2436
2437
2443
2444
2451
2452
2453
2454
2455
2456
2457
2461
2462
2463
2464
2465
2466
2467
2468
2469
2470
2471
2472
2473
2474
2475
2476
2477
2478
2479
2480
2481
2482
2483
2484
2485
2486
2487
2488
2489
2490
2491
2492
2493
2494
2495
2496
2497
2499
2500
2502
2503
2504
2505
2506
2507
2508
2509
2510
2511
2512
2513
2514
2515
2516
2517
2518
2520
2526
2530
2531
2532
2534
2560
2561
2562
2729
2730
2800
2829
2855
2856
2934
2935
2947
2948
2964
2965
3122
3123
3124
3380
3381
3382
3383
3434
3484
3637
